Date,Open,High,Low,Close,Adj Close,Volume
2020-01-02,132.35000610351562,132.5,128.72000122070312,129.61000061035156,122.11653900146484,488100
2020-01-03,129.08999633789062,131.2100067138672,129.02000427246094,131.07000732421875,123.49213409423828,481300
2020-01-06,130.74000549316406,131.47000122070312,128.7100067138672,131.25999450683594,123.67113494873047,492700
2020-01-07,130.50999450683594,130.74000549316406,128.82000732421875,129.3000030517578,121.82447052001953,380800
2020-01-08,129.2899932861328,130.4600067138672,129.0,130.22000122070312,122.69126892089844,500600
2020-01-09,130.02999877929688,130.75,129.60000610351562,130.3000030517578,122.76665496826172,353100
2020-01-10,130.57000732421875,132.49000549316406,130.08999633789062,132.35000610351562,124.69811248779297,552900
2020-01-13,132.16000366210938,133.61000061035156,132.16000366210938,133.52999877929688,125.80989837646484,572100
2020-01-14,132.6300048828125,132.74000549316406,130.82000732421875,131.7899932861328,125.107421875,475500
2020-01-15,131.1199951171875,132.32000732421875,131.1199951171875,132.05999755859375,125.36373138427734,800900
2020-01-16,132.30999755859375,133.86000061035156,131.97999572753906,133.69000244140625,126.91109466552734,387000
2020-01-17,133.85000610351562,134.27999877929688,133.33999633789062,133.99000549316406,127.19586944580078,537000
2020-01-21,134.32000732421875,135.7100067138672,134.16000366210938,135.5500030517578,128.67677307128906,760500
2020-01-22,136.3800048828125,136.6199951171875,134.5500030517578,134.92999267578125,128.0882110595703,528800
2020-01-23,135.00999450683594,136.5500030517578,134.5,136.41000366210938,129.49314880371094,400700
2020-01-24,136.6300048828125,136.99000549316406,135.86000061035156,136.9600067138672,130.0152587890625,402200
2020-01-27,136.55999755859375,137.4600067138672,136.05999755859375,136.63999938964844,129.7115020751953,417600
2020-01-28,136.7100067138672,138.14999389648438,136.33999633789062,137.44000244140625,130.47091674804688,487400
2020-01-29,137.5800018310547,137.7899932861328,136.4499969482422,136.5800018310547,129.654541015625,458100
2020-01-30,136.91000366210938,137.6699981689453,135.69000244140625,137.49000549316406,130.51840209960938,746100
2020-01-31,137.22999572753906,138.13999938964844,136.38999938964844,137.2100067138672,130.25259399414062,749800
2020-02-03,137.7100067138672,138.5399932861328,136.89999389648438,137.14999389648438,130.1956329345703,451700
2020-02-04,137.49000549316406,139.7899932861328,137.49000549316406,139.35000610351562,132.28408813476562,370400
2020-02-05,139.16000366210938,140.22000122070312,138.67999267578125,139.13999938964844,132.084716796875,578100
2020-02-06,139.52999877929688,141.07000732421875,138.6699981689453,140.35000610351562,133.23338317871094,348000
2020-02-07,140.5800018310547,141.47000122070312,140.3699951171875,141.19000244140625,134.03077697753906,433400
2020-02-10,142.11000061035156,142.5399932861328,141.24000549316406,142.33999633789062,135.1224822998047,754400
2020-02-11,142.3800048828125,143.19000244140625,141.0399932861328,141.94000244140625,134.7427520751953,589900
2020-02-12,141.64999389648438,143.13999938964844,141.3300018310547,142.52999877929688,135.3028564453125,402700
2020-02-13,142.49000549316406,144.3699951171875,142.49000549316406,144.13999938964844,136.8311767578125,541900
2020-02-14,144.63999938964844,145.52999877929688,143.94000244140625,145.50999450683594,138.1317138671875,570000
2020-02-18,146.0399932861328,146.49000549316406,144.99000549316406,146.11000061035156,138.7012939453125,539400
2020-02-19,146.1199951171875,146.19000244140625,144.9600067138672,145.02999877929688,137.6760711669922,484200
2020-02-20,145.17999267578125,147.75,144.7899932861328,147.6999969482422,140.21067810058594,558600
2020-02-21,147.82000732421875,148.8800048828125,147.42999267578125,147.77000427246094,140.2771453857422,703100
2020-02-24,146.49000549316406,148.47999572753906,145.72999572753906,145.91000366210938,138.51144409179688,728200
2020-02-25,146.22000122070312,146.72999572753906,142.77000427246094,143.07000732421875,135.81546020507812,825000
2020-02-26,143.2899932861328,145.16000366210938,142.3000030517578,142.32000732421875,135.10348510742188,841800
2020-02-27,140.97000122070312,142.05999755859375,134.1199951171875,134.1999969482422,127.39522552490234,1072800
2020-02-28,131.50999450683594,132.0800018310547,125.69999694824219,129.25999450683594,122.7057113647461,1818300
2020-03-02,130.2100067138672,135.6199951171875,129.86000061035156,135.39999389648438,128.53436279296875,993400
2020-03-03,135.6699981689453,139.8000030517578,134.63999938964844,137.27000427246094,130.30955505371094,1181000
2020-03-04,139.6699981689453,145.1300048828125,139.49000549316406,145.0,137.64759826660156,1180100
2020-03-05,143.14999389648438,145.0399932861328,141.52999877929688,144.77000427246094,137.42926025390625,917900
2020-03-06,141.49000549316406,143.55999755859375,137.83999633789062,143.3000030517578,136.03379821777344,865300
2020-03-09,136.97999572753906,138.89999389648438,134.02999877929688,134.3000030517578,127.49017333984375,1198700
2020-03-10,137.2100067138672,140.1300048828125,133.4199981689453,140.07000732421875,132.9675750732422,1365700
2020-03-11,137.0500030517578,137.6300048828125,131.72000122070312,133.8800048828125,127.09144592285156,1012400
2020-03-12,126.4800033569336,130.0,117.44999694824219,117.61000061035156,111.64643859863281,1357300
2020-03-13,124.02999877929688,126.97000122070312,117.04000091552734,126.0,119.61101531982422,1146900
2020-03-16,113.54000091552734,116.2699966430664,104.88999938964844,104.94999694824219,99.62837219238281,1137900
2020-03-17,107.66999816894531,115.76000213623047,102.8499984741211,113.16999816894531,107.43157196044922,1353500
2020-03-18,105.81999969482422,110.63999938964844,96.69000244140625,100.0999984741211,95.02429962158203,1118400
2020-03-19,99.2699966430664,102.3499984741211,96.16999816894531,99.47000122070312,94.4262466430664,855000
2020-03-20,99.81999969482422,100.3499984741211,85.44999694824219,87.5,83.06321716308594,1731900
2020-03-23,87.25,87.41000366210938,82.0,84.66999816894531,80.37670135498047,1247300
2020-03-24,88.31999969482422,93.62000274658203,86.36000061035156,89.18000030517578,84.65802001953125,1483800
2020-03-25,88.5999984741211,105.19999694824219,88.5999984741211,97.83999633789062,92.87889862060547,1311900
2020-03-26,98.1500015258789,103.37000274658203,96.19999694824219,102.79000091552734,97.5779037475586,1149100
2020-03-27,101.76000213623047,111.95999908447266,100.48999786376953,107.5999984741211,102.14401245117188,1287200
2020-03-30,108.58000183105469,109.25,100.81999969482422,107.12999725341797,101.69783782958984,1139700
2020-03-31,105.81999969482422,107.81999969482422,99.37000274658203,103.02999877929688,97.80572509765625,2255800
2020-04-01,98.19999694824219,99.2300033569336,93.23999786376953,98.73999786376953,93.73326110839844,1274800
2020-04-02,96.75,99.7699966430664,92.12000274658203,94.25,89.47093963623047,1515100
2020-04-03,92.98999786376953,96.23999786376953,92.44000244140625,94.30999755859375,89.52789306640625,1080000
2020-04-06,99.4000015258789,106.08000183105469,99.1500015258789,105.27999877929688,99.94164276123047,1144100
2020-04-07,110.0999984741211,112.16000366210938,103.38999938964844,103.79000091552734,98.5271987915039,781600
2020-04-08,104.63999938964844,111.77999877929688,102.95999908447266,110.93000030517578,105.3051528930664,1048300
2020-04-09,112.3499984741211,119.48999786376953,112.3499984741211,116.6500015258789,110.73512268066406,1328700
2020-04-13,115.47000122070312,117.0,110.04000091552734,111.37000274658203,105.72284698486328,818800
2020-04-14,112.66000366210938,115.8499984741211,111.0999984741211,114.0199966430664,109.21914672851562,1284000
2020-04-15,109.4000015258789,111.19000244140625,108.0,109.9800033569336,105.3492660522461,871500
2020-04-16,110.41000366210938,110.75,107.55000305175781,108.30999755859375,103.74957275390625,594100
2020-04-17,111.05999755859375,114.43000030517578,110.33999633789062,113.5,108.7210464477539,642500
2020-04-20,111.68000030517578,112.75,108.45999908447266,108.48999786376953,103.92200469970703,593700
2020-04-21,105.87000274658203,108.91000366210938,105.13999938964844,107.54000091552734,103.01200103759766,888800
2020-04-22,109.16000366210938,110.73999786376953,107.4000015258789,108.30999755859375,103.74957275390625,665900
2020-04-23,107.87000274658203,108.5,104.22000122070312,104.9800033569336,100.55979919433594,696200
2020-04-24,105.66999816894531,107.0999984741211,104.01000213623047,106.43000030517578,101.94873046875,578500
2020-04-27,107.0,111.01000213623047,106.55999755859375,110.68000030517578,106.01979064941406,479700
2020-04-28,113.30000305175781,115.94000244140625,111.9800033569336,112.1500015258789,107.42789459228516,821200
2020-04-29,114.87000274658203,115.68000030517578,111.86000061035156,112.68000030517578,107.93558502197266,762900
2020-04-30,110.66000366210938,112.38999938964844,109.80999755859375,111.91999816894531,107.20758056640625,620200
2020-05-01,109.41000366210938,110.58999633789062,108.91999816894531,109.62999725341797,105.01399993896484,847400
2020-05-04,108.20999908447266,110.87999725341797,106.97000122070312,110.30000305175781,105.65579223632812,977100
2020-05-05,111.63999938964844,113.77999877929688,110.80000305175781,112.41000366210938,107.67695617675781,834000
2020-05-06,113.0,114.22000122070312,109.91999816894531,110.01000213623047,105.37800598144531,768300
2020-05-07,110.7699966430664,116.05999755859375,109.2699966430664,113.75,108.96052551269531,925000
2020-05-08,115.88999938964844,117.13999938964844,113.66999816894531,115.56999969482422,110.70388793945312,579200
2020-05-11,114.08000183105469,114.8499984741211,112.5,113.01000213623047,108.2516860961914,929800
2020-05-12,113.47000122070312,113.47000122070312,108.6500015258789,108.73999786376953,104.16146850585938,1126200
2020-05-13,107.94000244140625,109.94999694824219,107.12999725341797,108.08999633789062,103.53884887695312,829200
2020-05-14,106.05999755859375,106.72000122070312,102.88999938964844,105.5199966430664,101.07705688476562,1054700
2020-05-15,104.66999816894531,107.05999755859375,102.2300033569336,106.87000274658203,102.3702163696289,1782800
2020-05-18,111.69000244140625,115.56999969482422,111.69000244140625,114.36000061035156,109.54484558105469,914000
2020-05-19,113.6500015258789,114.86000061035156,110.81999969482422,111.12000274658203,106.44126892089844,636800
2020-05-20,112.05000305175781,112.63999938964844,109.95999908447266,111.48999786376953,106.79568481445312,734200
2020-05-21,111.47000122070312,114.45999908447266,111.47000122070312,113.81999969482422,109.02758026123047,735700
2020-05-22,114.08000183105469,114.70999908447266,112.62999725341797,114.27999877929688,109.46820831298828,430700
2020-05-26,118.08000183105469,119.19999694824219,116.0,116.80000305175781,111.8821029663086,586500
2020-05-27,119.62000274658203,119.8499984741211,114.04000091552734,116.87999725341797,111.95873260498047,843400
2020-05-28,118.19000244140625,118.19000244140625,114.69999694824219,117.66000366210938,112.70589447021484,602800
2020-05-29,116.37000274658203,118.51000213623047,114.9800033569336,116.36000061035156,111.46063995361328,863700
2020-06-01,116.47000122070312,118.81999969482422,115.5,117.56999969482422,112.61968994140625,472000
2020-06-02,118.1500015258789,119.44999694824219,117.0,117.76000213623047,112.80168914794922,643700
2020-06-03,118.93000030517578,122.98999786376953,118.93000030517578,122.38999938964844,117.23674011230469,700200
2020-06-04,121.7300033569336,121.77999877929688,118.55999755859375,118.7699966430664,113.76914978027344,755800
2020-06-05,122.26000213623047,126.12999725341797,122.26000213623047,124.44000244140625,119.20042419433594,860900
2020-06-08,125.97000122070312,127.73999786376953,124.16999816894531,126.52999877929688,121.20242309570312,801000
2020-06-09,123.8499984741211,124.7699966430664,122.12999725341797,124.66000366210938,119.41116333007812,684500
2020-06-10,123.29000091552734,124.04000091552734,121.3499984741211,121.83999633789062,116.70988464355469,593400
2020-06-11,117.22000122070312,118.72000122070312,115.22000122070312,115.45999908447266,110.59852600097656,850000
2020-06-12,119.66000366210938,120.43000030517578,114.81999969482422,119.08000183105469,114.06611633300781,1113800
2020-06-15,115.04000091552734,119.4000015258789,114.52999877929688,118.01000213623047,113.0411605834961,1204100
2020-06-16,122.7699966430664,122.7699966430664,119.18000030517578,121.08999633789062,115.99147033691406,833800
2020-06-17,122.04000091552734,122.69999694824219,117.83999633789062,118.63999938964844,113.6446304321289,631900
2020-06-18,117.06999969482422,117.66999816894531,115.5,117.08999633789062,112.1598892211914,862100
2020-06-19,118.7300033569336,119.47000122070312,114.63999938964844,114.68000030517578,109.85137176513672,2252400
2020-06-22,114.63999938964844,116.19000244140625,113.01000213623047,114.19000244140625,109.38200378417969,662900
2020-06-23,115.20999908447266,116.26000213623047,113.30000305175781,113.54000091552734,108.75936889648438,644400
2020-06-24,111.91999816894531,112.52999877929688,108.05999755859375,110.5199966430664,105.86651611328125,805400
2020-06-25,109.77999877929688,111.45999908447266,109.0999984741211,111.3499984741211,106.66158294677734,671500
2020-06-26,110.76000213623047,111.9000015258789,109.43000030517578,110.2699966430664,105.6270523071289,735100
2020-06-29,111.30999755859375,111.75,108.77999877929688,111.5199966430664,106.82440948486328,441600
2020-06-30,111.76000213623047,115.08999633789062,111.66999816894531,114.66999816894531,109.84178924560547,1039900
2020-07-01,115.02999877929688,117.95999908447266,114.22000122070312,117.66999816894531,112.7154769897461,504100
2020-07-02,119.5199966430664,119.55999755859375,116.31999969482422,117.52999877929688,112.58135986328125,601500
2020-07-06,120.0199966430664,120.08000183105469,115.95999908447266,116.02999877929688,111.14452362060547,396400
2020-07-07,114.44000244140625,115.9000015258789,113.87999725341797,114.56999969482422,109.74600219726562,544400
2020-07-08,114.56999969482422,115.18000030517578,113.37999725341797,113.81999969482422,109.02758026123047,662100
2020-07-09,113.27999877929688,113.27999877929688,111.25,112.55999755859375,107.82062530517578,466600
2020-07-10,112.48999786376953,114.33000183105469,112.02999877929688,113.5999984741211,108.81684112548828,530900
2020-07-13,114.0999984741211,114.0999984741211,112.19000244140625,112.33999633789062,107.60989379882812,571100
2020-07-14,111.56999969482422,113.48999786376953,111.5,112.94000244140625,109.15628814697266,652400
2020-07-15,114.5199966430664,114.69999694824219,112.13999938964844,112.43000030517578,108.66338348388672,696700
2020-07-16,111.69999694824219,112.87999725341797,111.19000244140625,112.0199966430664,108.26710510253906,465900
2020-07-17,112.5,113.62000274658203,111.45999908447266,112.91999816894531,109.136962890625,489000
2020-07-20,112.30999755859375,113.06999969482422,109.08000183105469,110.0199966430664,106.33412170410156,421000
2020-07-21,110.62000274658203,111.1500015258789,108.86000061035156,109.36000061035156,105.69622039794922,439000
2020-07-22,108.80999755859375,112.87000274658203,108.62999725341797,112.16999816894531,108.4120864868164,984700
2020-07-23,111.87999725341797,112.75,110.41999816894531,111.6500015258789,107.90950775146484,422900
2020-07-24,112.12999725341797,112.20999908447266,110.70999908447266,111.2699966430664,107.542236328125,443900
2020-07-27,110.80999755859375,110.80999755859375,109.05999755859375,110.31999969482422,106.62406158447266,429100
2020-07-28,110.4000015258789,113.62999725341797,109.87999725341797,112.98999786376953,109.20462036132812,514600
2020-07-29,113.77999877929688,114.5,111.94000244140625,113.91999816894531,110.10346221923828,549300
2020-07-30,112.69000244140625,118.76000213623047,112.66999816894531,117.5199966430664,113.58285522460938,857500
2020-07-31,117.02999877929688,119.19999694824219,114.75,119.19000244140625,115.19690704345703,720400
2020-08-03,118.55999755859375,118.55999755859375,115.4000015258789,116.87999725341797,112.96429443359375,537500
2020-08-04,116.44000244140625,117.73999786376953,115.0,116.91999816894531,113.0029525756836,603500
2020-08-05,117.54000091552734,117.62000274658203,115.5199966430664,116.26000213623047,112.36505889892578,287200
2020-08-06,115.73999786376953,116.91999816894531,115.37000274658203,116.5,112.5970230102539,375700
2020-08-07,115.81999969482422,116.87000274658203,115.55999755859375,116.48999786376953,112.58736419677734,454200
2020-08-10,116.94000244140625,118.38999938964844,116.3499984741211,117.05000305175781,113.12860107421875,575500
2020-08-11,118.08999633789062,119.25,116.13999938964844,116.70999908447266,112.79998779296875,561900
2020-08-12,117.12999725341797,117.5199966430664,116.05000305175781,117.08999633789062,113.16725158691406,260100
2020-08-13,116.44000244140625,117.93000030517578,115.44000244140625,115.69000244140625,111.81416320800781,389700
2020-08-14,115.55000305175781,116.22000122070312,114.30999755859375,114.86000061035156,111.01197052001953,765600
2020-08-17,114.94999694824219,116.2300033569336,114.04000091552734,116.04000091552734,112.15243530273438,283900
2020-08-18,116.27999877929688,116.5199966430664,114.43000030517578,116.06999969482422,112.18143463134766,320600
2020-08-19,116.05999755859375,116.05999755859375,112.66000366210938,113.27999877929688,109.48489379882812,623400
2020-08-20,112.83999633789062,115.2699966430664,112.83999633789062,114.83000183105469,110.98297882080078,384400
2020-08-21,115.25,115.47000122070312,113.11000061035156,114.83999633789062,110.99263000488281,308000
2020-08-24,114.69999694824219,115.83000183105469,112.8499984741211,115.69000244140625,111.81416320800781,353600
2020-08-25,115.73999786376953,116.19000244140625,114.87999725341797,116.19000244140625,112.29740905761719,336800
2020-08-26,115.48999786376953,116.31999969482422,113.26000213623047,113.6500015258789,109.8425064086914,394500
2020-08-27,114.33000183105469,116.55999755859375,114.2300033569336,116.37999725341797,112.48104095458984,331200
2020-08-28,116.62000274658203,117.19000244140625,115.19000244140625,117.16000366210938,113.23490905761719,392300
2020-08-31,116.66000366210938,117.3499984741211,115.80000305175781,117.12000274658203,113.19625854492188,481200
2020-09-01,116.5,116.66000366210938,114.80000305175781,116.55000305175781,112.64535522460938,364800
2020-09-02,116.44000244140625,118.87999725341797,115.25,118.66999816894531,114.69432067871094,872400
2020-09-03,119.30000305175781,120.83000183105469,117.02999877929688,117.83000183105469,113.8824691772461,520000
2020-09-04,118.12000274658203,119.43000030517578,116.05999755859375,118.3499984741211,114.38504791259766,477500
2020-09-08,117.97000122070312,118.25,115.01000213623047,115.68000030517578,111.80449676513672,639500
2020-09-09,116.12000274658203,118.37999725341797,115.38999938964844,116.44000244140625,112.53903198242188,488700
2020-09-10,116.29000091552734,117.41000366210938,114.30999755859375,116.44000244140625,112.53903198242188,696900
2020-09-11,116.44999694824219,116.44999694824219,114.95999908447266,115.91000366210938,112.02679443359375,581500
2020-09-14,116.98999786376953,120.08999633789062,116.44000244140625,119.6500015258789,115.6415023803711,471500
2020-09-15,119.61000061035156,120.83999633789062,118.05000305175781,118.56999969482422,114.59767150878906,308300
2020-09-16,119.44000244140625,120.55000305175781,117.94999694824219,118.19000244140625,114.23041534423828,551200
2020-09-17,117.36000061035156,118.36000061035156,115.69999694824219,117.13999938964844,113.215576171875,650400
2020-09-18,116.31999969482422,117.37999725341797,114.68000030517578,114.93000030517578,111.07962799072266,1150800
2020-09-21,113.37999725341797,114.30000305175781,111.19000244140625,113.16999816894531,109.37859344482422,752000
2020-09-22,113.41000366210938,116.0,113.41000366210938,115.18000030517578,111.32125091552734,727400
2020-09-23,115.37999725341797,115.72000122070312,113.04000091552734,113.41999816894531,109.62020874023438,653900
2020-09-24,113.04000091552734,113.95999908447266,111.2699966430664,112.38999938964844,108.62471771240234,502700
2020-09-25,111.88999938964844,115.5199966430664,111.22000122070312,115.37999725341797,111.51454162597656,693800
2020-09-28,116.83000183105469,118.16999816894531,116.1500015258789,117.13999938964844,113.215576171875,412900
2020-09-29,116.91999816894531,117.43000030517578,114.63999938964844,115.33999633789062,111.47588348388672,279900
2020-09-30,116.06999969482422,116.62999725341797,114.44000244140625,115.94999694824219,112.06544494628906,761600
2020-10-01,116.0,120.33000183105469,115.55999755859375,120.29000091552734,116.26005554199219,740500
2020-10-02,118.80999755859375,124.33000183105469,117.41999816894531,123.70999908447266,119.56547546386719,852700
2020-10-05,124.55999755859375,124.87999725341797,122.4800033569336,124.5,120.32901763916016,583800
2020-10-06,124.87000274658203,125.23999786376953,122.83000183105469,123.54000091552734,119.40117645263672,610400
2020-10-07,124.04000091552734,125.02999877929688,121.7699966430664,122.94999694824219,118.8309326171875,499300
2020-10-08,123.02999877929688,125.3499984741211,123.02999877929688,124.87999725341797,120.69627380371094,476600
2020-10-09,125.63999938964844,125.63999938964844,123.01000213623047,123.66000366210938,119.51715850830078,368000
2020-10-12,123.83000183105469,125.0,123.05999755859375,124.66000366210938,120.483642578125,244500
2020-10-13,125.06999969482422,126.51000213623047,122.62999725341797,124.19999694824219,120.03905487060547,639700
2020-10-14,123.02999877929688,124.04000091552734,121.55999755859375,122.76000213623047,119.6103515625,492200
2020-10-15,121.72000122070312,123.91000366210938,121.19000244140625,122.47000122070312,119.32778930664062,593500
2020-10-16,122.33999633789062,122.69999694824219,119.30000305175781,119.44000244140625,116.37554168701172,665500
2020-10-19,120.16000366210938,120.26000213623047,117.48999786376953,117.68000030517578,114.66069030761719,351200
2020-10-20,118.55999755859375,120.36000061035156,117.80000305175781,118.20999908447266,115.17708587646484,485000
2020-10-21,117.6500015258789,118.8499984741211,117.12000274658203,117.9000015258789,114.87503814697266,483700
2020-10-22,118.18000030517578,118.9800033569336,117.48999786376953,118.6500015258789,115.60579681396484,448200
2020-10-23,119.51000213623047,119.94000244140625,118.29000091552734,118.70999908447266,115.66426086425781,358600
2020-10-26,117.77999877929688,118.12999725341797,115.41999816894531,117.12999725341797,114.12479400634766,387400
2020-10-27,116.69999694824219,117.55000305175781,114.83999633789062,114.86000061035156,111.91304016113281,379700
2020-10-28,113.27999877929688,114.83000183105469,111.66999816894531,112.43000030517578,109.54537963867188,703400
2020-10-29,112.44000244140625,115.01000213623047,110.52999877929688,113.52999877929688,110.61715698242188,609700
2020-10-30,113.44999694824219,116.7699966430664,113.44999694824219,116.62999725341797,113.63761901855469,574800
2020-11-02,117.19000244140625,119.83999633789062,116.4800033569336,119.83999633789062,116.7652587890625,725000
2020-11-03,121.0,123.94999694824219,120.58000183105469,123.31999969482422,120.15597534179688,594800
2020-11-04,123.27999877929688,124.83999633789062,121.69999694824219,122.72000122070312,119.57137298583984,385200
2020-11-05,122.77999877929688,124.69999694824219,121.77999877929688,124.02999877929688,120.84776306152344,632300
2020-11-06,124.02999877929688,125.0,122.06999969482422,122.66999816894531,119.52265167236328,481400
2020-11-09,130.75999450683594,137.5399932861328,125.55000305175781,125.61000061035156,122.3872299194336,1211200
2020-11-10,126.05999755859375,130.19000244140625,125.7699966430664,130.16000366210938,126.82049560546875,821500
2020-11-11,130.83999633789062,131.3000030517578,128.7100067138672,131.22000122070312,127.8532943725586,682500
2020-11-12,130.4600067138672,130.6699981689453,127.43000030517578,128.75,125.44666290283203,569300
2020-11-13,129.1699981689453,132.8800048828125,128.64999389648438,132.35000610351562,128.95428466796875,543200
2020-11-16,135.52000427246094,136.27999877929688,131.22000122070312,132.3000030517578,128.90557861328125,647600
2020-11-17,131.25,132.08999633789062,129.97000122070312,130.91000366210938,127.55123138427734,482400
2020-11-18,131.19000244140625,131.97000122070312,126.05999755859375,126.06999969482422,122.83541870117188,434000
2020-11-19,125.30999755859375,126.72000122070312,123.43000030517578,126.13999938964844,122.90362548828125,691900
2020-11-20,125.91000366210938,126.48999786376953,124.91999816894531,126.18000030517578,122.9426040649414,577800
2020-11-23,126.73999786376953,126.88999938964844,123.52999877929688,123.7699966430664,120.59442901611328,721600
2020-11-24,125.19999694824219,127.30999755859375,124.83999633789062,125.87999725341797,122.6502914428711,578100
2020-11-25,125.56999969482422,126.30999755859375,124.41000366210938,125.02999877929688,121.82209777832031,423000
2020-11-27,124.77999877929688,124.77999877929688,122.63999938964844,124.0,120.81853485107422,314200
2020-11-30,124.0,126.30000305175781,122.44999694824219,126.16000366210938,122.9231185913086,2082800
2020-12-01,126.16000366210938,126.31999969482422,123.66999816894531,124.58999633789062,121.39338684082031,818800
2020-12-02,124.70999908447266,127.4800033569336,123.25,123.7300033569336,120.55545806884766,536900
2020-12-03,123.80000305175781,124.87999725341797,123.33000183105469,123.6500015258789,120.47750854492188,736700
2020-12-04,123.98999786376953,125.41999816894531,123.56999969482422,125.12999725341797,121.91954040527344,610300
2020-12-07,124.70999908447266,126.11000061035156,124.6500015258789,125.31999969482422,122.10466003417969,431000
2020-12-08,124.75,125.48999786376953,123.69000244140625,123.93000030517578,120.75032806396484,533600
2020-12-09,124.4800033569336,125.06999969482422,121.0,122.9000015258789,119.74675750732422,747900
2020-12-10,122.12999725341797,122.66999816894531,119.75,120.18000030517578,117.09654235839844,629600
2020-12-11,119.20999908447266,121.97000122070312,119.20999908447266,121.66000366210938,118.53856658935547,716400
2020-12-14,122.80000305175781,123.69999694824219,121.12999725341797,121.44000244140625,118.32421875,477500
2020-12-15,121.8499984741211,123.54000091552734,120.5,123.54000091552734,120.37034606933594,532000
2020-12-16,123.86000061035156,125.12999725341797,122.52999877929688,123.41000366210938,120.2436752319336,684200
2020-12-17,124.16999816894531,126.19999694824219,123.06999969482422,125.58999633789062,122.36773681640625,858100
2020-12-18,126.08000183105469,126.27999877929688,123.41000366210938,124.04000091552734,120.85750579833984,1942600
2020-12-21,122.56999969482422,124.9800033569336,122.33000183105469,124.5999984741211,121.40313720703125,853700
2020-12-22,124.5999984741211,125.4000015258789,123.56999969482422,125.27999877929688,122.06568908691406,588900
2020-12-23,125.7699966430664,126.25,122.58000183105469,122.66000366210938,119.5129165649414,602800
2020-12-24,123.05000305175781,124.61000061035156,122.97000122070312,124.5999984741211,121.40313720703125,98000
2020-12-28,125.04000091552734,125.83999633789062,124.05000305175781,124.97000122070312,121.76365661621094,460700
2020-12-29,125.08999633789062,126.30999755859375,123.44999694824219,124.25,121.06211853027344,311500
2020-12-30,124.41999816894531,126.20999908447266,124.19999694824219,125.0,121.79286193847656,329800
2020-12-31,124.68000030517578,126.97000122070312,123.9000015258789,126.69000244140625,123.43951416015625,405500
2021-01-04,126.69000244140625,127.37000274658203,122.1500015258789,122.70999908447266,119.56163024902344,703000
2021-01-05,122.61000061035156,123.81999969482422,122.3499984741211,122.66999816894531,119.52265167236328,630500
2021-01-06,123.0199966430664,124.86000061035156,122.7699966430664,124.69999694824219,121.50057220458984,696600
2021-01-07,124.43000030517578,125.33000183105469,123.44999694824219,124.55000305175781,121.35442352294922,661800
2021-01-08,124.55000305175781,125.37000274658203,124.0,125.2699966430664,122.05594635009766,767900
2021-01-11,125.01000213623047,125.33000183105469,123.16999816894531,124.20999908447266,121.02314758300781,557700
2021-01-12,123.51000213623047,124.97000122070312,123.0,124.69000244140625,121.49082946777344,594400
2021-01-13,124.86000061035156,127.06999969482422,124.5999984741211,126.41999816894531,123.17644500732422,661800
2021-01-14,126.19999694824219,129.0800018310547,125.31999969482422,129.0,126.71765899658203,1154800
2021-01-15,128.77999877929688,132.13999938964844,127.72000122070312,132.00999450683594,129.6743927001953,965600
2021-01-19,132.2100067138672,132.42999267578125,129.99000549316406,130.61000061035156,128.29917907714844,779300
2021-01-20,130.0,133.61000061035156,128.94000244140625,133.16000366210938,130.80406188964844,494200
2021-01-21,132.27999877929688,133.52999877929688,131.13999938964844,133.4499969482422,131.0889129638672,528600
2021-01-22,133.61000061035156,134.83999633789062,132.22999572753906,134.17999267578125,131.80601501464844,509900
2021-01-25,133.82000732421875,134.9600067138672,132.97000122070312,133.86000061035156,131.49168395996094,650300
2021-01-26,134.14999389648438,135.4199981689453,133.88999938964844,134.88999938964844,132.50344848632812,526500
2021-01-27,133.89999389648438,135.0,131.10000610351562,131.72999572753906,129.39935302734375,659000
2021-01-28,131.75,134.74000549316406,131.02000427246094,132.7899932861328,130.44061279296875,635900
2021-01-29,132.19000244140625,133.3800048828125,129.8300018310547,132.75,130.4013214111328,1217600
2021-02-01,132.99000549316406,135.1300048828125,130.72000122070312,134.97999572753906,132.5918426513672,707500
2021-02-02,135.7899932861328,136.42999267578125,133.8699951171875,135.5800018310547,133.18124389648438,650800
2021-02-03,134.66000366210938,135.8699951171875,133.67999267578125,134.7100067138672,132.32664489746094,834500
2021-02-04,135.02000427246094,137.0,134.0,134.83999633789062,132.45433044433594,873800
2021-02-05,134.5,135.27000427246094,133.2100067138672,134.72000122070312,132.33645629882812,550900
2021-02-08,134.72000122070312,136.14999389648438,133.77000427246094,135.49000549316406,133.0928497314453,735900
2021-02-09,134.88999938964844,136.24000549316406,134.52000427246094,135.5500030517578,133.1517791748047,781000
2021-02-10,135.5500030517578,137.24000549316406,134.85000610351562,136.3000030517578,133.88851928710938,616200
2021-02-11,136.4600067138672,138.02000427246094,135.49000549316406,137.97000122070312,135.52896118164062,717700
2021-02-12,137.77999877929688,138.39999389648438,136.94000244140625,138.13999938964844,135.69595336914062,504800
2021-02-16,138.38999938964844,138.49000549316406,136.50999450683594,138.44000244140625,135.9906463623047,615000
2021-02-17,138.75,138.7899932861328,137.08999633789062,137.72000122070312,135.28338623046875,375800
2021-02-18,137.7899932861328,138.13999938964844,136.38999938964844,137.25,134.8217010498047,360400
2021-02-19,137.74000549316406,138.22000122070312,137.0,137.57000732421875,135.13604736328125,444400
2021-02-22,137.5500030517578,139.11000061035156,136.3300018310547,138.69000244140625,136.23622131347656,867200
2021-02-23,139.6999969482422,142.61000061035156,139.33999633789062,142.3000030517578,139.7823486328125,824600
2021-02-24,142.50999450683594,142.97999572753906,140.35000610351562,140.50999450683594,138.02401733398438,700900
2021-02-25,140.38999938964844,141.99000549316406,137.25,137.91000366210938,135.4700164794922,579000
2021-02-26,137.83999633789062,138.25999450683594,134.58999633789062,134.72999572753906,132.34629821777344,848000
2021-03-01,136.0399932861328,138.02999877929688,135.47000122070312,135.5399932861328,133.14193725585938,1392900
2021-03-02,135.08999633789062,136.8699951171875,134.0,135.3000030517578,132.9062042236328,919300
2021-03-03,135.3000030517578,136.1699981689453,134.02999877929688,134.60000610351562,132.21859741210938,795800
2021-03-04,134.77999877929688,135.2899932861328,131.4499969482422,132.6999969482422,130.35218811035156,886000
2021-03-05,133.11000061035156,134.22000122070312,131.8699951171875,133.91000366210938,131.54078674316406,892800
2021-03-08,134.24000549316406,136.24000549316406,133.05999755859375,134.22999572753906,131.85513305664062,684000
2021-03-09,134.47999572753906,137.0399932861328,134.39999389648438,134.72999572753906,132.34629821777344,440500
2021-03-10,134.22000122070312,135.91000366210938,132.8699951171875,134.8300018310547,132.44451904296875,513400
2021-03-11,134.83999633789062,137.38999938964844,134.49000549316406,136.5500030517578,134.1340789794922,393700
2021-03-12,137.25999450683594,141.7899932861328,137.0,141.77999877929688,139.27154541015625,912700
2021-03-15,141.64999389648438,146.30999755859375,140.63999938964844,144.97999572753906,142.41493225097656,758300
2021-03-16,145.13999938964844,145.75999450683594,143.0,144.3800048828125,141.8255615234375,541600
2021-03-17,144.61000061035156,145.52999877929688,142.82000732421875,145.47000122070312,142.89625549316406,529500
2021-03-18,145.02000427246094,146.64999389648438,144.19000244140625,146.41000366210938,143.8196258544922,682600
2021-03-19,146.22999572753906,146.5,141.3300018310547,141.52000427246094,139.0161590576172,1487700
2021-03-22,141.1300048828125,143.3699951171875,141.02999877929688,142.75999450683594,140.23419189453125,730300
2021-03-23,143.0,145.16000366210938,142.4600067138672,144.75,142.1890106201172,824000
2021-03-24,143.99000549316406,146.58999633789062,143.3699951171875,144.3300018310547,141.7764434814453,830900
2021-03-25,144.47000122070312,146.25,142.47000122070312,145.85000610351562,143.26954650878906,486600
2021-03-26,145.85000610351562,148.91000366210938,145.08999633789062,148.58999633789062,145.9610595703125,448100
2021-03-29,148.33999633789062,148.8699951171875,146.02999877929688,147.49000549316406,144.8805389404297,427000
2021-03-30,147.33999633789062,148.38999938964844,146.32000732421875,147.33999633789062,144.73318481445312,321700
2021-03-31,146.38999938964844,147.52000427246094,143.47000122070312,144.36000061035156,141.80589294433594,1065500
2021-04-01,144.2899932861328,146.77000427246094,143.6300048828125,146.63999938964844,144.04554748535156,830700
2021-04-05,147.24000549316406,147.5800018310547,144.2899932861328,146.5800018310547,143.98663330078125,638000
2021-04-06,146.44000244140625,147.83999633789062,146.1199951171875,147.24000549316406,144.6349639892578,636800
2021-04-07,147.8300018310547,148.61000061035156,146.4600067138672,148.3000030517578,145.6761932373047,639400
2021-04-08,147.94000244140625,149.2899932861328,146.27999877929688,146.4199981689453,143.8294677734375,588700
2021-04-09,146.42999267578125,147.64999389648438,146.0800018310547,146.85000610351562,144.25184631347656,474000
2021-04-12,147.17999267578125,147.75999450683594,146.1699981689453,147.30999755859375,144.70370483398438,713200
2021-04-13,146.61000061035156,148.6999969482422,146.61000061035156,148.58999633789062,145.9610595703125,446500
2021-04-14,146.99000549316406,147.91000366210938,146.83999633789062,147.5500030517578,145.94622802734375,423800
2021-04-15,148.00999450683594,149.5800018310547,147.50999450683594,149.5399932861328,147.9145965576172,542300
2021-04-16,150.6699981689453,151.3699951171875,149.89999389648438,151.02000427246094,149.37852478027344,717700
2021-04-19,151.42999267578125,152.30999755859375,150.24000549316406,151.82000732421875,150.16981506347656,591400
2021-04-20,151.82000732421875,154.94000244140625,151.3300018310547,154.69000244140625,153.0086212158203,479600
2021-04-21,155.22999572753906,157.22999572753906,153.83999633789062,156.4199981689453,154.71981811523438,578000
2021-04-22,156.50999450683594,157.64999389648438,155.5,155.52000427246094,153.82958984375,397400
2021-04-23,156.14999389648438,156.3800048828125,155.0500030517578,155.19000244140625,153.50318908691406,352700
2021-04-26,155.5,156.38999938964844,154.6699981689453,155.22999572753906,153.54273986816406,398900
2021-04-27,155.44000244140625,155.64999389648438,154.57000732421875,155.19000244140625,153.50318908691406,329700
2021-04-28,155.19000244140625,155.49000549316406,153.83999633789062,154.02000427246094,152.3459014892578,501800
2021-04-29,154.42999267578125,156.25999450683594,153.86000061035156,155.47999572753906,153.79002380371094,556600
2021-04-30,155.02999877929688,157.57000732421875,154.89999389648438,157.3300018310547,155.6199188232422,643300
2021-05-03,157.8300018310547,158.35000610351562,155.80999755859375,156.57000732421875,154.86819458007812,615900
2021-05-04,156.63999938964844,157.72999572753906,155.57000732421875,156.4199981689453,154.71981811523438,715200
2021-05-05,155.7100067138672,155.7100067138672,151.99000549316406,152.74000549316406,151.07981872558594,1326800
2021-05-06,153.11000061035156,156.1699981689453,153.11000061035156,156.0399932861328,154.34393310546875,606200
2021-05-07,155.6699981689453,157.39999389648438,154.7899932861328,157.02999877929688,155.32318115234375,549400
2021-05-10,157.9199981689453,160.52000427246094,157.9199981689453,159.3800048828125,157.64764404296875,536200
2021-05-11,159.22000122070312,159.22000122070312,156.00999450683594,157.69000244140625,155.97601318359375,486300
2021-05-12,158.30999755859375,158.60000610351562,154.3300018310547,154.52999877929688,152.85035705566406,389900
2021-05-13,154.9499969482422,157.6699981689453,154.2899932861328,156.02999877929688,154.3340606689453,500800
2021-05-14,156.5800018310547,157.85000610351562,156.4199981689453,156.75,155.04623413085938,704900
2021-05-17,157.2899932861328,158.22999572753906,156.5800018310547,157.19000244140625,155.4814453125,608400
2021-05-18,157.2899932861328,158.07000732421875,156.6699981689453,157.3699951171875,155.65948486328125,985800
2021-05-19,156.47999572753906,156.5800018310547,154.07000732421875,155.6699981689453,153.9779510498047,482700
2021-05-20,155.67999267578125,158.49000549316406,155.49000549316406,157.9499969482422,156.23318481445312,546700
2021-05-21,157.91000366210938,159.0399932861328,156.77000427246094,157.0500030517578,155.3429718017578,1291900
2021-05-24,157.83999633789062,160.08999633789062,157.83999633789062,159.3800048828125,157.64764404296875,645800
2021-05-25,159.3699951171875,160.47000122070312,158.75,159.5500030517578,157.8157958984375,430300
2021-05-26,159.4499969482422,161.1699981689453,159.17999267578125,160.00999450683594,158.2707977294922,432100
2021-05-27,160.02000427246094,160.24000549316406,158.1699981689453,158.3800048828125,156.6585235595703,876300
2021-05-28,159.5800018310547,161.42999267578125,158.8300018310547,160.6999969482422,158.9532928466797,506600
2021-06-01,160.25999450683594,163.07000732421875,159.77999877929688,162.89999389648438,161.12937927246094,585100
2021-06-02,163.5,165.91000366210938,163.0800018310547,165.74000549316406,163.9385223388672,477700
2021-06-03,165.22999572753906,165.22999572753906,163.36000061035156,163.77000427246094,161.98992919921875,541900
2021-06-04,165.74000549316406,166.58999633789062,163.77999877929688,165.52999877929688,163.7307891845703,566600
2021-06-07,166.0,166.69000244140625,165.25999450683594,166.1199951171875,164.3143768310547,489200
2021-06-08,166.3000030517578,168.22000122070312,166.3000030517578,167.41000366210938,165.59036254882812,747700
2021-06-09,167.6999969482422,169.05999755859375,167.2100067138672,168.69000244140625,166.8564453125,564700
2021-06-10,169.08999633789062,172.3300018310547,168.4499969482422,171.52999877929688,169.6655731201172,448500
2021-06-11,171.2899932861328,171.69000244140625,170.08999633789062,171.5500030517578,169.68536376953125,535500
2021-06-14,171.50999450683594,171.63999938964844,170.5,171.58999633789062,169.7249298095703,376600
2021-06-15,170.94000244140625,171.91000366210938,170.4600067138672,170.8699951171875,169.0127410888672,474900
2021-06-16,171.3000030517578,171.64999389648438,169.38999938964844,169.6699981689453,167.8258056640625,444200
2021-06-17,169.86000061035156,170.66000366210938,168.22999572753906,169.8300018310547,167.9840545654297,981500
2021-06-18,169.67999267578125,170.1300048828125,167.5399932861328,167.83999633789062,166.01568603515625,1662700
2021-06-21,168.60000610351562,171.44000244140625,168.25999450683594,170.97999572753906,169.12155151367188,686700
2021-06-22,171.17999267578125,171.41000366210938,169.47000122070312,169.50999450683594,167.6675262451172,545100
2021-06-23,169.19000244140625,170.10000610351562,168.85000610351562,169.44000244140625,167.59829711914062,505800
2021-06-24,170.0,170.63999938964844,168.1999969482422,169.58999633789062,167.7466583251953,824200
2021-06-25,169.4199981689453,170.22999572753906,168.8300018310547,170.14999389648438,168.30056762695312,728700
2021-06-28,170.4600067138672,170.50999450683594,168.6199951171875,170.08999633789062,168.24122619628906,396200
2021-06-29,169.55999755859375,170.60000610351562,169.19000244140625,169.85000610351562,168.00384521484375,495400
2021-06-30,169.97999572753906,170.9600067138672,167.88999938964844,168.4199981689453,166.58937072753906,753700
2021-07-01,168.19000244140625,170.6999969482422,167.9600067138672,169.42999267578125,167.58839416503906,610600
2021-07-02,170.22000122070312,171.3000030517578,169.75999450683594,170.9499969482422,169.09188842773438,429900
2021-07-06,171.35000610351562,174.3300018310547,169.86000061035156,173.97000122070312,172.07907104492188,534200
2021-07-07,173.9499969482422,176.99000549316406,172.69000244140625,176.11000061035156,174.19580078125,665600
2021-07-08,175.36000061035156,177.83999633789062,175.0399932861328,177.75,175.81796264648438,530900
2021-07-09,178.8699951171875,180.80999755859375,177.55999755859375,180.6999969482422,178.73590087890625,481800
2021-07-12,180.6999969482422,182.69000244140625,180.3300018310547,182.50999450683594,180.52622985839844,543900
2021-07-13,182.3300018310547,182.75999450683594,179.75999450683594,180.64999389648438,178.6864471435547,397800
2021-07-14,179.6300048828125,182.50999450683594,179.6300048828125,182.41000366210938,181.45689392089844,359100
2021-07-15,182.19000244140625,183.88999938964844,181.83999633789062,183.55999755859375,182.60089111328125,282700
2021-07-16,184.10000610351562,185.64999389648438,183.94000244140625,184.72000122070312,183.75482177734375,384400
2021-07-19,183.47999572753906,184.0,181.24000549316406,182.99000549316406,182.03387451171875,540100
2021-07-20,184.0800018310547,187.35000610351562,182.17999267578125,186.6300048828125,185.65484619140625,546900
2021-07-21,186.38999938964844,187.3300018310547,185.58999633789062,185.75999450683594,184.7893829345703,328900
2021-07-22,185.36000061035156,186.0,184.4199981689453,185.33999633789062,184.37158203125,846000
2021-07-23,186.11000061035156,187.91000366210938,185.52000427246094,187.60000610351562,186.61978149414062,568100
2021-07-26,187.0500030517578,187.77000427246094,185.69000244140625,186.8000030517578,185.82395935058594,319000
2021-07-27,186.44000244140625,189.19000244140625,185.47000122070312,188.2100067138672,187.22659301757812,518200
2021-07-28,188.5800018310547,188.9499969482422,187.02000427246094,187.69000244140625,186.7093048095703,844200
2021-07-29,189.8000030517578,194.4199981689453,188.9199981689453,193.00999450683594,192.0015106201172,711300
2021-07-30,192.7100067138672,196.44000244140625,191.94000244140625,193.10000610351562,192.09104919433594,663100
2021-08-02,193.9199981689453,195.80999755859375,193.5800018310547,195.14999389648438,194.1303253173828,619800
2021-08-03,191.16000366210938,192.94000244140625,190.8699951171875,191.4499969482422,190.4496612548828,1248500
2021-08-04,192.41000366210938,192.5500030517578,189.72000122070312,190.25999450683594,189.265869140625,952400
2021-08-05,191.75999450683594,192.25,188.75,191.47999572753906,190.47950744628906,492900
2021-08-06,192.17999267578125,192.33999633789062,190.67999267578125,191.07000732421875,190.0716552734375,420100
2021-08-09,190.75,190.75999450683594,188.9199981689453,189.82000732421875,188.82818603515625,290600
2021-08-10,189.97000122070312,190.30999755859375,184.77000427246094,185.13999938964844,184.17263793945312,795500
2021-08-11,185.85000610351562,187.72999572753906,185.41000366210938,186.14999389648438,185.17735290527344,390600
2021-08-12,186.47999572753906,187.02000427246094,185.5500030517578,186.3699951171875,185.3961944580078,535000
2021-08-13,186.69000244140625,188.4600067138672,186.30999755859375,188.30999755859375,187.32606506347656,323000
2021-08-16,188.52999877929688,190.67999267578125,188.2100067138672,189.5500030517578,188.55958557128906,393400
2021-08-17,188.82000732421875,189.66000366210938,187.3800048828125,189.22999572753906,188.2412567138672,390100
2021-08-18,188.1300048828125,188.97999572753906,185.6199951171875,186.6999969482422,185.72447204589844,663500
2021-08-19,185.86000061035156,188.3000030517578,185.61000061035156,188.2899932861328,187.30616760253906,311900
2021-08-20,188.30999755859375,190.5800018310547,186.47999572753906,190.27999877929688,189.2857666015625,864700
2021-08-23,190.2899932861328,191.22000122070312,188.14999389648438,188.55999755859375,187.5747528076172,510700
2021-08-24,188.39999389648438,188.8800048828125,185.77000427246094,186.27000427246094,185.29673767089844,438600
2021-08-25,186.36000061035156,189.14999389648438,185.6699981689453,187.60000610351562,186.61978149414062,368700
2021-08-26,187.89999389648438,189.5500030517578,187.4499969482422,188.97999572753906,187.99256896972656,316400
2021-08-27,190.0,190.82000732421875,189.1300048828125,189.2100067138672,188.22137451171875,367700
2021-08-30,189.50999450683594,192.72000122070312,189.11000061035156,192.6300048828125,191.62350463867188,402800
2021-08-31,192.3699951171875,193.1199951171875,191.27000427246094,192.3699951171875,191.36485290527344,690600
2021-09-01,192.80999755859375,196.63999938964844,192.4499969482422,196.17999267578125,195.15493774414062,646200
2021-09-02,196.9600067138672,197.5,194.24000549316406,196.27999877929688,195.25442504882812,686000
2021-09-03,195.75999450683594,196.5399932861328,193.38999938964844,196.13999938964844,195.1151580810547,527000
2021-09-07,196.0,196.0,191.0800018310547,192.4199981689453,191.4145965576172,521000
2021-09-08,191.47000122070312,196.00999450683594,191.47000122070312,195.4600067138672,194.438720703125,438600
2021-09-09,194.74000549316406,195.4199981689453,191.77000427246094,191.86000061035156,190.85751342773438,320600
2021-09-10,192.22999572753906,192.22999572753906,189.4600067138672,189.49000549316406,188.49990844726562,346300
2021-09-13,191.38999938964844,191.99000549316406,189.61000061035156,190.11000061035156,189.11666870117188,332600
2021-09-14,190.22000122070312,192.3000030517578,190.13999938964844,191.5800018310547,190.5789794921875,534700
2021-09-15,191.77999877929688,193.8300018310547,190.9499969482422,191.14999389648438,190.15122985839844,557400
2021-09-16,191.0500030517578,192.52000427246094,189.32000732421875,191.35000610351562,190.35018920898438,402700
2021-09-17,190.91000366210938,191.47000122070312,187.4600067138672,187.47999572753906,186.50039672851562,1171300
2021-09-20,186.13999938964844,189.49000549316406,185.38999938964844,188.10000610351562,187.11717224121094,629400
2021-09-21,189.44000244140625,190.42999267578125,187.97000122070312,188.00999450683594,187.0276336669922,398800
2021-09-22,189.5500030517578,191.22999572753906,189.02000427246094,190.27999877929688,189.2857666015625,687500
2021-09-23,191.07000732421875,192.74000549316406,190.64999389648438,191.22000122070312,190.2208709716797,379500
2021-09-24,190.41000366210938,191.97999572753906,189.1199951171875,189.27999877929688,188.29100036621094,394900
2021-09-27,189.72999572753906,191.52999877929688,186.02999877929688,186.10000610351562,185.12762451171875,416400
2021-09-28,184.89999389648438,187.35000610351562,183.7100067138672,186.58999633789062,185.61505126953125,452600
2021-09-29,187.58999633789062,190.67999267578125,187.58999633789062,189.9499969482422,188.95748901367188,382100
2021-09-30,190.9199981689453,190.94000244140625,186.69000244140625,186.75,185.7742156982422,654500
2021-10-01,188.02000427246094,190.2899932861328,185.32000732421875,189.22000122070312,188.23130798339844,372300
2021-10-04,188.85000610351562,191.58999633789062,187.35000610351562,190.5800018310547,189.58421325683594,561200
2021-10-05,191.4499969482422,191.4499969482422,188.07000732421875,189.6699981689453,188.678955078125,558300
2021-10-06,188.8000030517578,192.1699981689453,185.3300018310547,192.10000610351562,191.0962677001953,433300
2021-10-07,193.4199981689453,194.35000610351562,191.16000366210938,191.83999633789062,190.83761596679688,376700
2021-10-08,191.42999267578125,193.55999755859375,190.7100067138672,191.17999267578125,190.18106079101562,375700
2021-10-11,191.1699981689453,192.32000732421875,189.47000122070312,191.05999755859375,190.0616912841797,279400
2021-10-12,192.25999450683594,194.4199981689453,190.88999938964844,193.5399932861328,192.5287322998047,376600
2021-10-13,191.52999877929688,196.30999755859375,191.52999877929688,196.1699981689453,195.14500427246094,378200
2021-10-14,196.1699981689453,198.7899932861328,195.3800048828125,198.6999969482422,198.6999969482422,336100
2021-10-15,199.72000122070312,200.05999755859375,196.38999938964844,197.55999755859375,197.55999755859375,321700
2021-10-18,196.64999389648438,199.08999633789062,195.75,198.55999755859375,198.55999755859375,289700
2021-10-19,199.14999389648438,199.41000366210938,196.72999572753906,197.2100067138672,197.2100067138672,234600
2021-10-20,197.17999267578125,199.72999572753906,197.17999267578125,199.64999389648438,199.64999389648438,297200
2021-10-21,199.89999389648438,199.89999389648438,198.39999389648438,199.60000610351562,199.60000610351562,264700
2021-10-22,200.19000244140625,202.47999572753906,200.19000244140625,201.82000732421875,201.82000732421875,250300
2021-10-25,202.0,202.67999267578125,200.2100067138672,201.27999877929688,201.27999877929688,371700
2021-10-26,201.75999450683594,203.24000549316406,199.6699981689453,202.67999267578125,202.67999267578125,403000
2021-10-27,203.22999572753906,205.61000061035156,202.75999450683594,204.02000427246094,204.02000427246094,491000
2021-10-28,203.97000122070312,207.69000244140625,202.9600067138672,206.27000427246094,206.27000427246094,462500
2021-10-29,206.0399932861328,206.89999389648438,203.3699951171875,204.2100067138672,204.2100067138672,704500
2021-11-01,204.61000061035156,204.61000061035156,197.3800048828125,201.3699951171875,201.3699951171875,684300
2021-11-02,202.13999938964844,204.0800018310547,201.38999938964844,203.44000244140625,203.44000244140625,495000
2021-11-03,203.6699981689453,204.55999755859375,202.22000122070312,203.41000366210938,203.41000366210938,505400
2021-11-04,203.67999267578125,203.72999572753906,198.85000610351562,200.47999572753906,200.47999572753906,381100
2021-11-05,201.7100067138672,203.39999389648438,201.16000366210938,202.35000610351562,202.35000610351562,387200
2021-11-08,202.92999267578125,202.92999267578125,200.11000061035156,201.75999450683594,201.75999450683594,324000
2021-11-09,202.1699981689453,202.89999389648438,201.2100067138672,202.5500030517578,202.5500030517578,268500
2021-11-10,202.0,203.41000366210938,200.0,202.8000030517578,202.8000030517578,458600
2021-11-11,202.74000549316406,203.5399932861328,201.5,203.49000549316406,203.49000549316406,336700
2021-11-12,203.97999572753906,205.97000122070312,203.0399932861328,205.0399932861328,205.0399932861328,314500
2021-11-15,205.42999267578125,206.14999389648438,203.61000061035156,206.10000610351562,206.10000610351562,384200
2021-11-16,206.10000610351562,206.8300018310547,203.35000610351562,204.52999877929688,204.52999877929688,408500
2021-11-17,203.64999389648438,204.57000732421875,197.9199981689453,204.2899932861328,204.2899932861328,431100
2021-11-18,205.07000732421875,205.97999572753906,203.52000427246094,204.0399932861328,204.0399932861328,364300
2021-11-19,204.52999877929688,204.67999267578125,201.02000427246094,201.33999633789062,201.33999633789062,584500
2021-11-22,201.61000061035156,205.3699951171875,200.32000732421875,202.3000030517578,202.3000030517578,548100
2021-11-23,203.1699981689453,207.52000427246094,202.22999572753906,207.1199951171875,207.1199951171875,543600
2021-11-24,207.02999877929688,211.11000061035156,207.02999877929688,210.55999755859375,210.55999755859375,523200
2021-11-26,206.91000366210938,209.63999938964844,203.57000732421875,203.57000732421875,203.57000732421875,472900
2021-11-29,205.0,211.17999267578125,204.10000610351562,210.0,210.0,974500
2021-11-30,208.69000244140625,211.97000122070312,205.9499969482422,206.25,206.25,2349800
2021-12-01,207.32000732421875,208.91000366210938,201.22000122070312,201.33999633789062,201.33999633789062,1010900
2021-12-02,202.8000030517578,209.50999450683594,202.33999633789062,207.9600067138672,207.9600067138672,530200
2021-12-03,208.82000732421875,210.3699951171875,205.3800048828125,207.42999267578125,207.42999267578125,616800
2021-12-06,209.60000610351562,211.3699951171875,208.02000427246094,208.30999755859375,208.30999755859375,458500
2021-12-07,209.82000732421875,215.02000427246094,208.38999938964844,215.00999450683594,215.00999450683594,968000
2021-12-08,215.5500030517578,218.8699951171875,215.16000366210938,218.16000366210938,218.16000366210938,781500
2021-12-09,217.7899932861328,218.88999938964844,215.94000244140625,216.0500030517578,216.0500030517578,599233
2021-12-10,217.57000732421875,217.57000732421875,214.49000549316406,216.47000122070312,216.47000122070312,539551
2021-12-13,215.52000427246094,219.5,214.30999755859375,218.4499969482422,218.4499969482422,686143
2021-12-14,218.4499969482422,218.4499969482422,215.0399932861328,217.3000030517578,217.3000030517578,776900
2021-12-15,218.1699981689453,223.17999267578125,218.61500549316406,222.1999969482422,222.1999969482422,572676
2021-12-16,222.0,223.1699981689453,220.4199981689453,222.88999938964844,222.88999938964844,981400
2021-12-17,223.2100067138672,224.86000061035156,219.38999938964844,220.13999938964844,220.13999938964844,1678000
